0 0 -0.000735349  1.50913e-05  0.000174196
0 0 -9.12218e-05  0.000471438 -0.000627044
-0.0212839  0.0210924   0.0154077 0.000291585  -0.0023148
-0.0421846  0.0416088   0.0522447  0.00508895 0.000475599
-0.0504296  0.0668244  0.0865118 0.00444995  0.0350544
-0.0476494  0.0775619  0.0881723 0.00490026   0.102074
-0.0338433  0.0734389  0.0771113 0.00592891   0.116571
-0.0377743  0.0814927  0.086105 0.0100026  0.140599
-0.0382538  0.0818762 0.0827017 0.0104615   0.14594
-0.0383494  0.0809175  0.0861944 0.00610355   0.129727
-0.0368156  0.0779454 0.0909717 0.0103613  0.150763
-0.0384452  0.0819721  0.0807156 0.00270773    0.13333
-0.0340353  0.0871493  0.0910738 0.00538093   0.174492
-0.0339392  0.0856153  0.0818299 0.00776517   0.165414
-0.0332682  0.0864782 0.0912998 0.0121724  0.181826
-0.0333641  0.0868617  0.0805024 0.00916397   0.159934
-0.0354733   0.086574 0.0961596 0.0125911  0.176213
-0.0384454  0.0895461 0.0928038 0.0127348  0.168041
-0.0381578  0.0913678 0.0884212 0.0112648  0.167409
-0.0386372  0.0927099 0.0942376 0.0078256  0.170247
-0.0386372   0.089642  0.0945902 0.00665725   0.168785
-0.0408422  0.0900254  0.0955535 0.00765083   0.170337
-0.043335 0.0864782   0.094791 0.00898816   0.145485
-0.0627973  0.0653859  0.0940414 0.00406616  0.0267186
-0.0677829   0.066824    0.0987291 -0.000480864   0.00126948
-0.0672075  0.0533059    0.0897806 -0.000730718   -0.0230707
-0.0755485  0.0276117   0.0722396 -0.00125156   -0.136729
-0.0856154  0.0334599   0.0822993 -0.00813277   -0.158752
-0.0829308  0.0318301   0.0809736 -0.00221465   -0.154314
-0.0914636  0.0343229   0.0940078 -0.00715232   -0.175794
-0.091176 0.0333641   0.0845097 -0.00244653   -0.167334
-0.0905048  0.0335559  0.0927444 -0.0103847  -0.184186
-0.0936687  0.0350897   0.0898194 -0.00766504   -0.174938
-0.0961614  0.0385413  0.0965204 -0.0103295  -0.180654
-0.0955862  0.0388288   0.0910418 -0.00126158   -0.164286
-0.0891626  0.0396918   0.0999146 -0.00539715    -0.17333
-0.091176 0.0433348   0.0913427 -0.00283078   -0.131238
-0.0910801  0.0437186   0.103337 -0.0110129  -0.153853
-0.0912718  0.0429513   0.0971938 -0.00257165   -0.148338
-0.0909842   0.042568   0.0931158 -0.00696907   -0.149587
-0.091176 0.0430474   0.0930969 -0.00666893   -0.146815
-0.0870536   0.041801   0.0955539 -0.00680102   -0.144753
-0.0912719  0.0427597 0.0908351 -0.007437 -0.149189
-0.0914636  0.0439103   0.0953803 -0.00723296   -0.150428
-0.0906968  0.0429513   0.0867327 -0.00727589   -0.137341
-0.0906963   0.045732   0.100925 -0.0138508  -0.148307
-0.0915594  0.0481286    0.104112 -0.00105988   -0.132804
-0.0874372  0.0473616   0.0949553 -0.00481035    -0.13084
-0.0822597  0.0458276    0.097416 -0.00169099   -0.123173
-0.0868616  0.0483205   0.093179 0.00145932  -0.113887
-0.0862865   0.048512   0.0968544 -0.00762232   -0.126602
-0.0846567  0.0464988 0.0913239 0.0101555 -0.119714
-0.0809174  0.0431433  0.0937602 -0.0076732  -0.125884
-0.0782328  0.0395958   0.0851093 -0.00139155   -0.118058
-0.0845609  0.0385413   0.0965279 -0.00526346   -0.149582
-0.0855193  0.0383496   0.0888887 -0.00495578   -0.146754
-0.0867658  0.0382535  0.0926022 -0.0067759  -0.152203
-0.0863824  0.0386372    0.0835372 -0.000327541    -0.144825
-0.0856152  0.0381577   0.0962238 -0.00467169   -0.149363
-0.0867658  0.0389247   0.0939312 -0.00652828   -0.146754
-0.0830269  0.0371032  0.0971212 0.00355771  -0.160498
-0.0838895  0.0396919    0.087814 -0.00357706   -0.148236
-0.0813971  0.0437183    0.091042 -0.00542638    -0.11368
-0.0813007  0.0431433   0.0895641 0.000626839   -0.119606
-0.0816846  0.0428555   0.0897381 -0.00264714   -0.121273
-0.0786166  0.0420887   0.0935933 -0.00782516     -0.1201
-0.0801506  0.0437183 0.0907098 -0.014891 -0.109046
-0.0767946  0.0423763    0.0842014 -2.49386e-05    -0.110334
-0.0685499    0.05158   0.0817671 -0.00273566  -0.0594595
-0.0657694   0.055511   0.0928178 0.000504155  -0.0458879
-0.0573325  0.0582914  0.0878528 0.00177863 0.00965385
-0.041801 0.0581954  0.0699688 0.00218408  0.0385706
-0.0334599  0.0698919 0.0740233 0.0064968  0.113156
-0.0336518  0.0709467  0.0736746 0.00799214   0.122367
-0.0338435  0.0719054 0.0749677  0.007485  0.123716
-0.0333641  0.0711381  0.0784035 0.00777383   0.122994
-0.0313506   0.073056   0.072634 0.00197771   0.143042
-0.0351858  0.0709465  0.0795643 0.00304651   0.118837
-0.0295291  0.0656738  0.0700587 0.00372671   0.114832
-0.0285704  0.0678787   0.072547 0.00390227   0.135361
-0.0286663  0.0673032  0.0668755 0.00132263    0.12173
-0.0278993   0.067687    0.0726473 -0.000611607      0.13432
-0.0297208   0.065865   0.0662091 -0.00215837    0.118079
-0.0285704  0.0666323  0.0671747 0.00660626   0.120498
-0.0279951  0.0658655  0.0724609 0.00483345   0.128074
-0.0288582  0.0674949  0.0686618 0.00436446   0.123863
-0.0286663  0.0663447  0.0695767 0.00102152   0.120136
-0.0285702  0.0666323 0.0690635 -0.005036  0.128298
-0.0291457   0.067687  0.0755623 0.00852978    0.12814
-0.0285704  0.0666323 0.0724982  0.012885  0.108054
-0.0292416  0.0665364  0.0624473 0.00721159   0.137132
-0.0388288  0.0770826    0.08046 0.00457072    0.11882
-0.0381577  0.0762196 0.0634283 0.0189862   0.12164
-0.0382538  0.0778494   0.0883477 0.000287195    0.131982
-0.0385411    0.07622   0.0905723 -0.00257963    0.123571
-0.0384455  0.0761237  0.0817289 0.00448008    0.11526
-0.0374868  0.0753565  0.0896352 0.00295711   0.136218
-0.037199  0.075357   0.0792346 0.000538438    0.120594
-0.0391164  0.0766993  0.0780022 0.00177536   0.126828
-0.0380619  0.0765071   0.0841887 0.000321845    0.131238
-0.0383496  0.0767951    0.0889525 -0.000488147     0.127418
-0.0381577  0.0772743  0.0724836 0.00456876   0.116154
-0.0385413  0.0766029  0.0880703 0.00688441   0.129887
-0.0363362  0.0720015  0.0826693 0.00674791   0.121415
-0.0390205  0.0784245  0.0898065 0.00457058   0.126136
-0.0382538  0.0767951      0.07888 -0.000243847     0.116137
-0.0383494  0.0766988  0.0791757 0.00608026   0.126178
-0.0382538    0.07622   0.0866136 -0.00202631    0.126134
-0.0365279  0.0731516 0.0895638 0.0106444   0.13171
-0.0386372  0.0771783   0.081559 0.00498133   0.116913
-0.0384452  0.0771784  0.0898828 0.00432565   0.133756
-0.0384455  0.0792876  0.0858441 0.00586358   0.130066
-0.0380619  0.0810134   0.087769 0.00522357   0.140046
-0.0384455  0.0824515  0.0853446 0.00589834   0.142055
-0.0386372  0.0815886  0.0869606 0.00430616   0.140928
-0.0415134  0.0719053  0.0833765 0.00544145   0.105938
-0.0428555  0.0770825  0.0794126 0.00176595   0.106889
-0.043335 0.0771784  0.0926859 0.00490478   0.116434
-0.0437183  0.0780413  0.0898783 0.00459417   0.112349
-0.0428557  0.0752609  0.0821724 0.00491887   0.101742
-0.0432391   0.076699 0.0937414 0.0021487  0.116151
-0.0588664  0.0601129  0.0877686 0.00212671  0.0239796
-0.0626056  0.0619345   0.093174  0.0011314 0.00930734
-0.0665364  0.0412258  0.0754614 0.00126712 -0.0660006
-0.0720012  0.0328846   0.0724706 -0.00325442   -0.114488
-0.0760279  0.0336517   0.0787864 -0.00324017   -0.132942
-0.0768908  0.0341312   0.0784113 -0.00479031   -0.133268
-0.0735352  0.0311589   0.0826747 -0.00380714   -0.133688
-0.0825473  0.0258859   0.0795821 -0.00266793    -0.17179
-0.0835061  0.0256941   0.0824209 -0.00242434   -0.194153
-0.0826433  0.0400753   0.0808609 -0.00332162   -0.123163
-0.0822597  0.0386372   0.0821057 -0.00672614   -0.130725
-0.0807258  0.0378702  0.0921553 -0.0030763  -0.151462
-0.0789042  0.0360485   0.0804022 -0.00623227   -0.122661
-0.0812051   0.038733   0.0844147 0.000801957   -0.134941
-0.0815886  0.0376784  0.0762247 0.00275192  -0.122338
-0.0816845  0.0392125 0.0901197 -0.003135 -0.145198
-0.0815886  0.0381577   0.0999032 -0.00780613   -0.156351
-0.0808216  0.0413216    0.087723 -0.00340192   -0.124671
-0.0825474  0.0445813   0.0895432 -0.00399922   -0.111169
-0.077466  0.040267   0.0926654 -0.00402498   -0.129887
-0.0815886  0.0427598   0.075494 -0.0010336  -0.102705
-0.081301 0.0429515   0.0862039 -0.00541515   -0.121773
-0.0819721  0.0437185   0.0817885 -0.00402781    -0.10665
-0.0823556  0.0437185   0.108361 -0.0122758   -0.13918
-0.0799587  0.0418968    0.090461 -0.00736003    -0.11846
-0.0781371  0.0417051    0.0913215 -0.000830255     -0.11973
-0.0817803  0.0431432   0.0810767 -0.00448607   -0.109058
-0.0813966  0.0429515   0.0856191 -0.00258648   -0.124977
-0.0816846  0.0427597   0.0967049 -0.00430319   -0.131141
-0.0814929  0.0434308   0.0898785 -0.00152502   -0.122089
-0.0814924  0.0431433     0.084499 -3.22768e-05    -0.112001
-0.0782332  0.0416093    0.0878518 -0.000661357    -0.125536
-0.0815887  0.0436225  0.0833399 0.00766529  -0.117322
-0.0816841   0.043335   0.0910857 -0.00358704   -0.117208
-0.0804381  0.0431433   0.0839546 -0.00403139   -0.114571
-0.0757403  0.0416093    0.094778 -0.00277586   -0.112815
-0.0766993    0.04391  0.0836547 0.00238921  -0.102867
-0.0734391  0.0404589   0.0913045 -0.00647378   -0.109907
-0.0772743  0.0448689   0.0896391 -0.00293247  -0.0994172
-0.0764117  0.0428555   0.0863556 -0.00219532   -0.106379
-0.077178 0.0434308  0.0851521 0.00283679  -0.102963
-0.0691252  0.0406506   0.0837979 -0.00440152  -0.0938929
-0.067687 0.0378702    0.0727259 -0.000640576   -0.0857777
-0.0675907   0.037966  0.0865858 0.00801107 -0.0962826
-0.0629892   0.036432   0.0753525 -0.00168523  -0.0818168
-0.0679746  0.0383494  0.0766334 0.00292511 -0.0829088
-0.0771785  0.0296249   0.0730616 -0.00650632   -0.133282
-0.0859985  0.0381579   0.080187 0.00284524   -0.14456
-0.0851359  0.0373907   0.0845263 -0.00785957   -0.140358
-0.0827394  0.0363362    0.083789 -0.00724536   -0.124128
-0.0823555  0.0431433   0.0817683 -0.00846781    -0.14073
-0.0791917  0.0441978    0.0845567 -0.000500404    -0.114848
-0.0673995  0.0536892   0.0756218 -0.00274848  -0.0752888
-0.0660567  0.0579078  0.0836802 0.00150284 -0.0330604
-0.0630851   0.062222    0.0862971 -0.000792517   -0.0180364
-0.0593462  0.0654819   0.0766974 0.000743134 -0.00125838
-0.050046 0.0697961   0.0787027 0.000992187    0.015448
-0.0467863  0.0704672  0.0802628 0.00420591    0.04713
-0.0325012  0.0643313  0.0744878 0.00524516  0.0850992
-0.0267489  0.0644274   0.0607546 -0.00109255   0.0734949
-0.0316384  0.0701795  0.0491908 0.00133675  0.0803129
-0.0333641  0.0731518  0.0555469 0.00259039   0.104001
-0.027324 0.0743022  0.0599591 0.00216949  0.0991349
-0.0251188  0.0831225  0.0594934 0.00276516  0.0956665
-0.0267489  0.0814927     0.073102 -0.000424262     0.138963
-0.0277076  0.0874369 0.0624037 0.0106746  0.136706
-0.0289538  0.0863822   0.064561 0.00746898   0.156183
-0.0275159  0.0833144    0.066572 -0.00044208    0.151142
-0.0285704  0.0818763    0.06585 -0.0020983   0.159069
-0.0292413  0.0901213   0.0553096 -0.00180254    0.132315
-0.0283787  0.0873413  0.0588235 0.00488343   0.128061
-0.0287621  0.0856152    0.0539905 -0.000475857     0.131959
-0.0341311  0.0812054   0.0515813 -0.00208925    0.124696
-0.0477452  0.0765071  0.0650988 0.00406802   0.133058
-0.0452523   0.073823   0.0703217 -0.00239779    0.149137
-0.048033 0.0765071  0.0745192 0.00845154   0.158596
-0.0478408  0.0761237  0.0550285 0.00659627   0.129447
-0.0476494   0.077466  0.0638347 0.00332369   0.132246
-0.0483203  0.0776577 0.0950213 0.0181868  0.141307
-0.0485122  0.0765076   0.075104 0.00349272  0.0847083
-0.0462112  0.0730557  0.0674745 0.00122715  0.0689273
-0.0471699  0.0762196  0.0636929 0.00603315  0.0667823
-0.0479369  0.0769868  0.0768968 0.00127305  0.0849655
-0.0480328  0.0763154   0.0797304 -0.00422483   0.0874071
-0.0474575  0.0766034   0.087455 -0.0101049  0.0848583
-0.0476491  0.0758362 0.168994 0.010645 0.182267
-0.0463071  0.0749731    0.0721002 -9.09247e-05    0.0853957
-0.0437186  0.0807257   0.0643865 -0.00144009   0.0689604
-0.043335 0.0818763   0.0710539 -0.00237225   0.0710477
-0.0430472   0.082068    0.0689818 -0.000632268    0.0730374
-0.0371032  0.0742064   0.0661488 0.000988576   0.0679498
-0.0342271  0.0729599  0.208721 0.0300636  0.214479
-0.0319259  0.0743022   0.0651853 -0.00137161    0.076347
-0.0333641  0.0773702   0.0652913 -0.00108401   0.0894854
-0.0333641   0.075932  0.0680392 0.00465985  0.0939652
-0.0340352  0.0767949  0.0607054 0.00143074  0.0866362
-0.0336516   0.076699    0.0665051 -0.000644844    0.0918271
-0.0333643  0.0768908    0.054941 -0.00217094    0.085024
-0.0334599   0.077466   0.0669383 -0.00144709     0.11398
-0.0321176  0.0723847  0.115794 0.0128471  0.205833
-0.0334599  0.0764114  0.13278 0.021976  0.22694
-0.0345147  0.0778495   0.15885 0.0277217  0.287687
-0.0423763  0.0789042  0.164106 0.0217498  0.297196
-0.057812 0.0658653  0.162068 0.0226992  0.230692
-0.0557985  0.0705631   0.148033 0.00386812  0.0419308
-0.045444 0.0741104  0.0868688 0.00258463  0.0977953
-0.0571408  0.0669199  0.0932886 0.00443548  0.0581891
-0.0699879  0.0554151   0.0901401 0.000653613  -0.0187026
-0.104982 0.0190789   0.0891248 -0.00792678   -0.259321
-0.106036 0.0298167  0.0914025 -0.0101345  -0.250922
-0.100763 0.0428556    0.105297 -0.00705478   -0.179805
-0.0965449  0.0408422   0.105259 -0.0100306  -0.183891
-0.101434 0.0438144    0.103183 -0.00523788   -0.177398
-0.0928059  0.0513883   0.102382 -0.0108723  -0.131008
-0.0929976  0.0511967   0.0986985 -0.00383383   -0.118002
-0.0956821  0.0469781   0.108379 -0.0117774  -0.160457
-0.0957779  0.0476493    0.100505 -0.00341895   -0.149721
-0.0918471  0.0455401    0.102753 -0.00279705   -0.142585
-0.0964491  0.0488956   0.104724 -0.0084667  -0.152599
-0.096449 0.0487039    0.102697 -0.00858662    -0.14789
-0.0960656  0.0473616   0.101372 -0.0105009  -0.136028
-0.101051 0.0418969    0.101803 -0.00542075   -0.182291
-0.100763 0.0435266    0.105509 -0.00898828   -0.181896
-0.100476 0.0428556    0.101287 -0.00549944   -0.178461
-0.0962573  0.0411298    0.102969 -0.00972117    -0.18848
-0.100763  0.043335   0.0961263 -0.00887469   -0.173223
-0.0951068  0.0472658   0.0977167 -0.00625073   -0.150534
-0.096449 0.0496627    0.108305 -0.00476122   -0.147545
-0.0916556  0.0518677   0.0928819 -0.00352782   -0.126483
-0.0871491  0.0495667    0.108338 -0.00914809   -0.130826
-0.0910802  0.0531141    0.100997 -0.00246103   -0.114849
-0.0907922  0.0530182    0.108064 -0.00180447   -0.124405
-0.090601 0.0525389   0.0993242 -0.00600544   -0.115124
-0.0809174  0.0476491    0.0937476 -0.000122509      -0.1058
-0.0843692  0.0423763   0.0894354 -0.00179748   -0.116327
-0.0860944   0.037966   0.0851696 -0.00114486   -0.160574
-0.0831227  0.0365279    0.091323 -0.00528235   -0.152462
-0.0861907  0.0385413   0.0885116 -0.00755168   -0.150322
-0.0862861   0.038733   0.0909681 -0.00378328   -0.145904
-0.0860949  0.0376785  0.0993105 -0.0046668  -0.163187
-0.0859027  0.0405545   0.0880678 0.000611794   -0.143357
-0.0807261  0.0467865   0.0975244 0.000184469   -0.109466
-0.077466 0.0461152   0.0935878 -0.00294659   -0.101867
-0.0763154  0.0467865    0.088072 -0.00369743  -0.0943828
-0.0766988  0.0490873   0.0938138 -0.00126222  -0.0846872
-0.0759325  0.0467865  0.0903529 0.00248762 -0.0923951
-0.0744939  0.0521553   0.0901834 -0.00460738  -0.0729048
-0.0690289  0.0508132   0.0884676 -0.00142466  -0.0550353
-0.0802464  0.0464029   0.0921403 -0.00213334  -0.0938354
-0.0816846   0.043143   0.0894838 -0.00645428    -0.12236
-0.0813007  0.0419929   0.0863834 -0.00101096   -0.123704
-0.0812054  0.0429513   0.0903665 -0.00368411   -0.120106
-0.0817804  0.0434308   0.0888041 -0.00340934   -0.116826
-0.0745897  0.0480328    0.086607 -0.00489759   -0.108278
-0.0541687   0.067687   0.0932421 0.000342327   0.0230052
-0.0376782  0.0810132  0.0859609 0.00551679     0.1433
-0.0383496  0.0766032 0.0794727 0.0140386  0.121576
-0.0385413  0.0769868   0.0835687 -0.00153434    0.128494
-0.0342269  0.0807257  0.0841961 0.00270726   0.145672
-0.0294333  0.0761237  0.0800485 0.00451245    0.15024
-0.0232973  0.0690293  0.0672553 0.00746788   0.154719
-0.0216675  0.0655775  0.0695777 0.00500258    0.15039
-0.0161068  0.0688374 0.0561978 0.0058972  0.153061
-0.0176408   0.075357  0.0625485 0.00467162   0.174613
-0.0294333  0.0865738  0.0841474 0.00914333   0.184859
-0.0269403  0.0853279  0.0820739 0.00404168   0.192615
-0.0179286  0.0730557  0.0704478 0.00210142   0.183152
-0.0191746  0.0755484  0.0705984 0.00912898   0.177907
-0.0207088  0.0789042  0.0796456 0.00413242   0.197797
-0.0311589  0.0889711  0.0736379 0.00262877   0.177848
-0.0391166   0.084177   0.104141 0.00382521   0.170798
-0.0384455  0.0807257  0.0847556 0.00501298   0.136364
-0.0382535  0.0828352 0.0746847 0.0133147  0.147605
-0.0368156  0.0761237 0.0811044 0.0131197  0.125972
-0.0386369  0.0833144  0.0788273 0.00513016   0.139927
-0.0381579  0.0802464 0.0835027 0.0121923   0.13355
-0.0386372   0.082643    0.094234 -0.00176434    0.154913
-0.0389247  0.0813012   0.0859291 -0.00120477    0.143499
-0.037199  0.080246  0.0830223 0.00609114   0.136468
-0.0368156   0.077754 0.0755392 0.0036911  0.126281
-0.0383494  0.0824513  0.0876118 0.00490584   0.143463
-0.0385413  0.0822597  0.0942657 0.00972162   0.148474
-0.0389247  0.0799589  0.0929424 0.00641611    0.13459
-0.0421846   0.080246  0.0805652 0.00456649   0.121775
-0.0315423   0.068646    0.080462 -0.00289673    0.127116
-0.0331724  0.0723848 0.0801719 -0.001581  0.126539
-0.0341311  0.0718093 0.0782813 0.0053531  0.122603
-0.0333641  0.0715218   0.075694 0.00433373   0.125661
-0.0332682  0.0726724  0.0813675 0.00813504   0.133498
-0.0338435  0.0727682   0.0706916 -0.00149714    0.121425
-0.0334599  0.0714259   0.078643 0.00679467   0.120049
-0.0344188  0.0673995  0.0775593 0.00737321   0.119725
-0.0385413  0.0724807   0.0750157 -0.00461857    0.113995
-0.0393081  0.0715218  0.0807239 0.00452837   0.111927
-0.043431 0.0631809    0.075567 -0.00311595   0.0693693
-0.0526347  0.0518675   0.078099 0.00229302 0.00976852
-0.0529222  0.0530181  0.0746645 0.00295415 0.00449536
-0.058387 0.0447731  0.0779956 -0.0033345 -0.0326699
-0.0672076  0.0420885  0.0811466 0.00392225 -0.0701047
-0.0744939  0.0325015    0.082664 -0.00471569   -0.124139
-0.0819721  0.0238726  0.0719948 0.00137456  -0.156505
-0.0832186  0.0308714   0.0799168 -0.00670856   -0.177306
-0.0812051  0.0415134   0.0900165 -0.00560872   -0.130787
-0.0798628  0.0414175   0.0899594 -0.00650246   -0.118878
-0.0743022  0.0252148   0.0700385 -0.00375267   -0.142864
-0.0756444  0.0232973  0.0716582 -0.0019389  -0.161844
-0.077466  0.024352   0.081182 0.00591635  -0.186471
-0.0894504   0.037199  0.0827049 -0.0088787  -0.158006
-0.0890667  0.0378702   0.0916303 -0.00652633   -0.160202
-0.0742062  0.0459235 0.0949548 0.0013046 -0.110274
-0.0762197  0.0473617   0.0900986 -0.00669739  -0.0923937
-0.0771785  0.0482245  0.0820503  0.0021577 -0.0856662
-0.0766032  0.0474575   0.0926997 -0.00224748  -0.0970639
-0.0765072  0.0479369   0.0833758 -0.00273781  -0.0849902
-0.0815886  0.0442936   0.0940676 -0.00187102   -0.113112
-0.0908884  0.0341311   0.0888087 -0.00279346   -0.173544
-0.0776578  0.0229138   0.0809895 -0.00444339   -0.175911
-0.0648106   0.010642   0.0555701 -0.00219443   -0.189295
-0.0664406  0.0316384  0.0633859 0.00175251  -0.113677
-0.0749733  0.0396917   0.0844796 -0.00513347  -0.0986602
-0.0815886  0.0407463   0.0911994 -0.00822295   -0.128295
-0.0784248  0.0411299   0.0876359 -0.00573865   -0.115949
-0.0860947  0.0331723   0.0904028 -0.00182957   -0.158921
-0.0867658  0.0371032  0.0863961 0.00260133  -0.165416
-0.0912719  0.0271323   0.0826719 -0.00729028   -0.189527
-0.0913677   0.034227   0.0965661 0.000421536   -0.194727
-0.0944357  0.0335559   0.0870808 -0.00457039    -0.18362
-0.0928058  0.0376784     0.10233 -0.00317528   -0.200316
-0.082835 0.0507172     0.106977 -0.000760029    -0.106051
-0.086574 0.0519636    0.103521 -0.00495197  -0.0953489
-0.0930937  0.0451566  0.0974462 0.00945836  -0.138355
-0.0953941   0.037966  0.0941084 -0.0118188   -0.18226
-0.0917516  0.0423762     0.10309 -0.00750015   -0.171333
-0.0839853  0.0545522  0.0963336 -0.0154218  -0.110161
-0.0787125  0.0560862    0.102506 -0.00618739  -0.0569204
-0.0808215  0.0556068   0.0878898 0.000379081  -0.0730055
-0.0819721  0.0580995     0.106402 -0.000995795   -0.0796221
-0.0816846  0.0579077    0.105538 -0.00462126  -0.0727936
-0.0814924   0.057812    0.100806 -0.00293694  -0.0697469
-0.0810137  0.0573325    0.0994907 -5.13787e-05   -0.0741053
-0.0662484  0.0628933   0.0929936 -0.00265198  -0.0225874
-0.065578 0.0678786  0.0975225 0.00195448 -0.0011623
-0.0487995  0.0682621   0.088102 0.00452746  0.0649876
-0.0391169  0.0715219   0.0732566 0.000619825   0.0927267
-0.0333638  0.0668241   0.0806574 0.000192383    0.118303
-0.0336518  0.0663446  0.0688522 0.00229932   0.100522
-0.0324054  0.0644271  0.0758578 0.00546401   0.116072
-0.0334597  0.0675912  0.0684818 0.00378083   0.105404
-0.0334601  0.0671115  0.0740666 0.00256964   0.109435
-0.0385413  0.0704672  0.0681651 0.00556695  0.0975822
-0.0431433  0.0772743 0.0800961 0.0102362   0.09911
-0.0434308  0.0780413   0.0864454 -0.00450778    0.117689
-0.0429516  0.0776577    0.0802747 -0.000620722     0.100865
-0.0394039   0.076124   0.0783259 -1.4562e-05   0.0946299
-0.0352817  0.0842731 0.0823339 0.0105433  0.124253
-0.0285702  0.0914636 0.0834971 0.0107143  0.161452
-0.0311589  0.0917511  0.0714762 0.00136758   0.187495
-0.0336518  0.0897379  0.0926133 0.00606284   0.188228
-0.0338435  0.0924225    0.0891641 -0.000923158     0.173011
-0.032022 0.0877244  0.101057 0.0104807  0.213147
-0.0357609  0.0915594  0.0937974 0.00670827   0.186295
-0.0441017  0.0906966  0.0944426 0.00880492   0.182307
-0.0426641  0.0913677 0.0828956  0.022819  0.150871
-0.0449648  0.0891628 0.0886438 0.0123372   0.15656
-0.0559902  0.0771782    0.080914 0.000868778    0.121261
-0.0551276  0.0735352  0.0837223 0.00556206  0.0615518
-0.0681663   0.067687  0.0870743 0.00163986  0.0623021
-0.0667281  0.0671115   0.0975447 -0.00664517   0.0189333
-0.0657692  0.0667284   0.0878513 -0.00580136   0.0184363
-0.0573325  0.0772743   0.0765014 -0.00324237  0.00437059
-0.0441022  0.0723846  0.0794407 0.00428568  0.0153736
-0.0400753  0.0679746   0.0789259 0.000847796   0.0680699
-0.0381575   0.066153  0.0748842 0.00505002  0.0904515
-0.0381579  0.0663447  0.0773086 0.00451364  0.0843427
-0.0381577  0.0699878    0.0782186 -0.000215453    0.0967707
-0.0337477  0.0747814  0.0636453 0.00330748  0.0734746
-0.0342269  0.0771785  0.0747578 0.00230545  0.0937031
-0.0332682  0.0761237  0.0745949 0.00306404    0.12177
-0.0321178  0.0742064   0.075032 0.00435964   0.125145
-0.0383494   0.082643 0.0655042 0.0043679  0.120509
-0.0376785  0.0798631   0.0658989 -0.00227491    0.118988
-0.0385413   0.081109  0.0800886 0.00237598   0.135204
-0.0382535  0.0816846    0.0751839 -1.53852e-06     0.118336
-0.0369115  0.0797672 0.0892176 0.0107419  0.142586
-0.0381577  0.0803423  0.0725426 0.00572496   0.119829
-0.0382535  0.0804377 0.0858801 0.0109406  0.146177
-0.0385413  0.0827394   0.0841321 -0.00234034    0.138108
-0.0383496   0.082068   0.0839558 -0.00118144    0.135648
-0.0386372  0.0804381  0.0812446 0.00445833   0.139041
-0.0385411  0.0818763  0.0791902 0.00441354   0.130167
-0.0368156  0.0783286  0.0680284 0.00320176   0.113293
-0.0477452  0.0761242   0.0706325 -0.00132874    0.113064
-0.0536892  0.0697002  0.0767397 0.00280181   0.126643
-0.0740147  0.0487995  0.0803692 0.00587963   0.130835
-0.0863822  0.0383496  0.0798764 0.00451784   0.116661
-0.0861907  0.0390205  0.0834871 0.00452152  0.0810822
-0.0838895  0.0363364    0.072256 -0.00156325   0.0362187
-0.0917513  0.0336514   0.0730127 -0.00046532  -0.0395798
-0.0913677  0.0337477   0.0721512 -0.00109185   -0.129001
-0.0906966  0.0322137   0.0830998 0.000894741   -0.132788
-0.091176 0.0342269   0.0764569 -0.00893648   -0.124857
-0.0937645   0.033556    0.0630156 -0.000727239    -0.109349
-0.0958738  0.0338435   0.0770262 -0.00371984    -0.15717
-0.0932851  0.0316381    0.0670691 -0.000338659    -0.133288
-0.101339 0.0343227   0.0617211 -0.00556553   -0.122604
-0.100476  0.033556  0.0695631 0.00064051  -0.138111
-0.100859 0.0340352   0.0688131 -0.00323026   -0.135035
-0.100763 0.0323095  0.0676235 0.00220938  -0.140056
-0.090409 0.0370073    0.074584 -0.00545007   -0.151843
-0.0914636  0.0533055   0.0538931 -0.00133731   -0.116255
-0.0910802  0.0531141  0.240413 -0.043819 -0.538585
-0.0906966   0.052443    0.0708135 -0.000197266    -0.165631
-0.0906007  0.0529223   0.0662815 -0.00185102   -0.140973
-0.0913677  0.0531141   0.0726646 -0.00609218   -0.160371
-0.0922307  0.0491832    0.081891 -0.00710601   -0.168082
-0.100667  0.047074   0.0745847 -0.00589567  -0.0985155
-0.100955 0.0477451  0.0746252 -0.0027183  -0.088369
-0.100955 0.0480328   0.259517 -0.0338351  -0.300485
-0.100667 0.0492792   0.0760411 -0.00122751  -0.0880437
-0.100859 0.0464988  0.0735968 0.00495418 -0.0896871
-0.105461 0.0431432   0.0742851 -0.00512556    -0.10044
-0.101243 0.0411298  0.0707206 0.00659474  -0.118857
-0.105557 0.0431432    0.073491 -0.00346391    -0.11202
-0.101051 0.0482245  0.0745901 0.00038094  -0.115479
-0.100092 0.0476493   0.175819 -0.0286678  -0.308624
-0.102489 0.0472658   0.198508 -0.0384635  -0.374957
-0.101434  0.041034   0.218256 -0.0385304  -0.361277
-0.105173 0.0435267   0.215455 -0.0421699  -0.370244
-0.105462 0.0417051   0.227913 -0.0580927  -0.431789
-0.102297 0.0470741   0.0992465 -0.00933747   -0.171416
-0.0863819  0.0608798    0.107341 -0.00543563   -0.123235
-0.0691252  0.0758362   0.099612 0.00136968  0.0267424
-0.0627017  0.0841773    0.11373 0.00296546  0.0701294
-0.0518675  0.0869575  0.100985 0.0110046  0.109287
-0.046978 0.0857112  0.0937032 0.00443877   0.134818
-0.0438147   0.082068 0.0921514 0.0117298  0.124794
-0.0434308  0.0818762   0.0918182 -0.00100351    0.125565
-0.0427594  0.0844649  0.0888948 0.00886413   0.125759
-0.0342274  0.0906007  0.0901836 0.00899135    0.17229
-0.0226259  0.0940522 0.0791302 0.0116962  0.231524
-0.0187912  0.0929976  0.0797593 0.00782064   0.234268
-0.0141892  0.0917512  0.077208 0.0208624  0.245338
-0.0149565  0.0917513   0.0768837 0.000931224    0.250337
-0.023489 0.0964489  0.0888476 0.00518119    0.23428
-0.0248313  0.0963533  0.0922642 0.00583071   0.231086
-0.0241604  0.0952985  0.0831305 0.00551647   0.241933
-0.0308714  0.0935729 0.0777614 0.0180469  0.207425
-0.0337477  0.0962572  0.0971325 0.00683118   0.196275
-0.0338435  0.0963531 0.0932822 0.0130796  0.202204
-0.0390205  0.0958738    0.10113 0.00919733   0.183563
-0.0436225   0.090409  0.0847751 0.00963111   0.158093
-0.0416093  0.0883956    0.10083 0.00422964   0.149154
-0.0426636  0.0914638  0.0934056 0.00953061   0.165708
-0.0430474  0.0883956 0.0917962 0.0146477   0.14539
-0.043335 0.0922306  0.0934158 0.00663284   0.166413
-0.0429516  0.0922306  0.0993149 0.00539618   0.160041
-0.0432391  0.0901213  0.0971367 0.00679559   0.146228
-0.0431433  0.0880122  0.0957043 0.00451119   0.157297
-0.0419927   0.083602 0.0935519 0.0038938  0.138979
-0.0497584  0.0855196  0.0937172 0.00627467   0.120385
-0.0630851  0.0699878  0.0998371 0.00703038  0.0473821
-0.0569487  0.0580037  0.0889998 0.00129928 0.00475305
-0.00421858   0.0041225   0.0203799 1.53523e-05  0.00619466
0 0 -0.000713932  0.000457214 -0.000484977
0 0  -0.00102548  0.000751276 -0.000953401
0 0  0.0013952 -0.0019453 0.00134991
